7221100100
7221101101
7221102102
7221103103
7221104104
7221105105
7221106106
7221107107
7221108108
7221109109
7221110110
7221111111
7221112112
7221113113
7221114114
7221115115
7221116116
7221117117
7221118118
7221119119
7221120120
7221121121
7221122122
7221123123
7221124124
7221125125
7221126126
7221127127
7221128128
7221129129
7221130130
7221131131
7221132132
7221133133
7221134134
7221135135
7221136136
7221137137
7221138138
7221139139
7221140140
7221141141
7221142142
7221143143
7221144144
7221145145
7221146146
7221147147
7221148148
7221149149
